15
22	42	28	22	17	21	11	47	4	10	12	3	29	2	17
26	5	25	29	48	44	38	44	10	32	4	10	42	27	23
43	2	2	3	10	31	27	45	9	39	17	1	14	28	30
38	49	43	34	7	16	11	13	8	7	26	6	30	46	36
13	1	46	42	21	42	14	20	29	17	11	11	49	9	23
13	32	8	40	9	17	32	6	38	30	27	15	30	39	15
37	7	30	23	2	20	47	41	39	32	1	6	22	39	7
11	15	48	15	14	17	41	29	5	3	10	1	16	47	34
29	12	25	36	25	44	8	23	11	35	24	44	28	44	41
9	47	47	16	25	49	49	5	29	50	50	22	20	16	5
37	36	14	15	41	44	15	40	40	49	24	40	10	18	11
34	46	24	42	2	47	28	14	1	31	17	44	33	35	32
20	14	40	28	11	33	12	27	10	45	13	11	36	36	29
45	23	13	7	44	43	14	46	43	9	11	7	23	26	38
11	14	46	22	27	14	50	8	21	27	48	10	4	8	36
10000000
10000000